365.519249587196 105.148727071765
378.467547150946 105.673691824464
390.024028604874 104.630426035603
397.084920562113 148.456578278119
405.055586199663 291.217277135967
412.546213186587 336.863113399916
412.949527939877 192.52708085419
409.407770611711 100.558219266539
412.859801676065 99.5691439117978
417.755785259149 100.403035763189
416.212129034026 100.329427836854
413.753751571244 100.604562717065
411.502836436849 100.566620839032
407.682639887457 103.117894371159
406.659675672729 211.187718595156
403.172124887165 356.585119556293
389.874646795698 269.413076996714
376.596453038276 114.68011218415
364.833096954212 87.0948827810333
351.592751676334 89.0051140658265
344.379411833579 87.1306424602154
351.104132128811 128.614974500336
374.523584271911 260.140293392697
417.96373745658 300.219572540387
499.411981339462 200.076391510418
537.030113024672 158.533189110153
568.561758719346 175.317954841578
584.603020330061 187.019356158429
599.380634748721 192.665106679001
612.453229436908 195.227265852487
621.194611620782 194.616445908931
628.052770246963 196.44290352784
633.075543852386 198.294878489066
637.915588079412 199.578600143279
641.188208366984 201.429204846699
643.506101574677 203.557882137274
645.604589053331 202.92329153544
648.264020730603 205.162529877289
650.42375596628 221.75418296898
652.21161235603 249.328880671832
652.541718503403 271.243375301124
654.356380443857 292.647023359767
656.200966347526 312.968242228852
657.590298590298 338.172657212103
659.511556288999 367.126878314906
661.085171698311 367.868867777379
661.442117794857 362.758289687327
660.697739460134 340.915476667595
659.473100380311 308.982892574184
658.66468547271 275.254239851506
656.48846606258 241.007592718196
656.383165506483 211.86494274037
654.817585563412 180.078073451924
654.467351694248 153.337945421355
653.416827792413 150.034831155389
651.762198246389 148.950139792225
651.799367517335 147.651796389684
652.413392226358 146.662660993821
654.042939163784 146.768689878735
654.319321537188 145.930992182358
654.197126533574 143.713593023817
654.008730212073 141.488110749654
653.061315901334 140.71784276636
652.079846190554 140.998459974121
651.371056371226 141.042684176731
650.490029885551 140.898256406175
649.004660745152 138.335647041862
646.850091795498 138.863065035325
645.531072038733 142.077320408448
644.14807236987 144.911068663687
642.614388340841 146.415754932818
642.394625858842 148.303657972571
642.060423539449 148.350654629526
641.600987622069 146.761748252036
639.308464416121 146.543915502991
638.129424838226 145.828100849124
636.313288170953 142.922525179167
634.474644262994 139.6291105196
632.725272773771 134.672949921956
631.517738659009 131.26768534619
631.138022644751 128.797503651615
630.002597720042 128.058084663293
628.373133508479 127.961421154715
626.910266858158 128.366666345762
625.7876281998 126.715087793088
624.698657274806 125.082210194859
624.122776935897 124.962789140926
623.21111009298 124.682060520804
621.657798880848 124.360691497106
620.413747540182 123.603626416009
620.103386507297 123.387697055988
619.16552610227 121.036506874001
617.183849081464 119.810623085437
615.247535468069 119.001689537729
613.74807426467 119.419199773162
610.976233034116 119.301966357538
608.115926265445 120.176172729395
605.967802001788 117.887570338451
603.413120985356 117.874163982629
600.179770580492 117.102324449214
597.173988800441 116.595592804892
594.170289228227 116.060207510253
591.509199788908 116.332012116095
588.047212411591 114.23932921704
585.064960710185 113.705099206663
581.585597713716 112.859330080197
577.251256271567 112.61873309423
572.112553944888 112.459386310522
566.844214901111 112.202164694323
563.249654412246 110.557660931007
558.347545195216 110.509928355373
552.324654201738 109.263101036156
546.193472760274 116.581733061814
540.114928684922 138.96815999714
533.403705978292 163.868696436333
526.401791934554 191.916914769153
518.74286952064 198.728443699455
510.086260349009 197.121355030394
500.283648784986 195.282064946838
490.321734166731 192.490918012162
478.82934336848 190.833633325548
467.681785693295 178.956773477133
456.277997829964 152.545281340437
443.336696281338 130.850172787869
416.822163037525 115.974000413358
346.78027845616 80.4726341184628
304.788033547486 99.4893955242992
289.83387945586 109.432792187044
287.408316357044 86.3484742478751
291.890291400465 67.1348534246627
295.555929284329 68.0678034011898
297.531286854831 67.3429871386724
297.990677984884 65.5898706645413
296.486378020266 63.7016721673534
292.064788368063 61.967247511261
290.547451968114 60.4787747972257
289.841795054398 58.7376158757783
285.989419067635 86.2548203930834
285.072563214965 242.433546994377
283.865476630097 337.929808925661
274.876619792765 180.641771621663
264.544256919674 56.5458899981986
255.631719740125 53.4578297393772
251.163070709818 197.100843954061
241.588689447127 414.679980184438
223.286111666819 433.526320543617
210.868429612013 392.047396201688
198.455905545167 340.455492759979
176.799937222751 33.9249535099887
161.647793754642 33.5573753708987
