31.0534160012728 29.3004465614451
30.78015491177 28.4657795238367
30.7076047423506 28.3609536332313
30.8008451613473 28.9742166964769
31.0100888848131 29.894838254594
30.6308072181058 29.3097077784025
29.7053325819679 27.5371729835769
29.0266392339926 26.6380247318061
28.4742673306305 26.0528846377343
28.1470692692673 25.8244603637957
28.0740019679267 26.0061257005336
27.6462319512454 25.4715436913087
27.1911608719178 24.7718818079823
26.9476129086017 24.2628572703707
26.6395912872719 23.9017570931489
26.2423503992607 23.6499641070675
25.7126943182768 23.1541213365456
25.1651794963439 22.5935045579886
24.6055367722458 21.9020329848001
24.1839154956061 21.588890209153
24.6406143109473 21.7279192897014
26.7231597743077 23.2753561936383
31.0769105248972 25.9766172167556
40.2098481036796 31.5059602464483
56.6301099885286 44.1179088546111
67.6382297925022 53.665899574775
73.4806499287119 58.6628232427942
77.9395248427331 62.4270250798337
82.1218845886161 65.7426062894125
85.8476399581758 68.4925107205528
89.3022629498857 70.8507572187348
92.0590412124129 72.6441274177621
94.4989095139079 74.1887123001751
96.5504521932761 75.7584781816891
98.1690890424314 76.6754959770349
99.5528137161849 77.5488598430828
100.619895706346 78.3707267566367
101.198795489991 78.5956566356556
101.8220441507 79.2138996130564
102.126063886259 79.4966695518032
102.444615250048 79.7365349549512
102.723689622843 79.9873193356675
102.563438059584 79.7053212014715
102.052349158203 79.0501640806565
101.704822515974 78.84182406046
101.223349086235 78.4959696657522
101.082193371903 78.7879383605933
100.436157742634 78.3726591282557
100.079922720198 78.2112819639772
99.5230790234238 77.849956690652
98.850348398052 77.4600525849572
98.3496226777268 77.2538659728645
97.8960545040641 76.9077370939168
97.4885993981521 76.5715194476655
96.8645159846075 75.6824487581707
96.3246908306583 75.4644358700348
95.6809944417316 74.9651625219713
95.0839319535208 74.0803819471906
94.5005691642083 73.6484964721075
93.8809863515077 73.0855867776312
93.4832558101435 72.5601715576282
93.0768135719201 72.2177827543256
92.5226906215778 71.8116076275181
92.2210524365689 71.6140851538577
91.7944466078294 71.2596783102074
91.3322037330837 70.8338062442027
90.8581935798014 70.4884800205756
90.1658854493253 69.702587946587
89.7260327393382 69.4515156772597
89.1157914357829 69.1506017280571
88.6485707347509 68.8955696058644
88.1005539243763 68.5292911227976
87.5324816679882 68.0828216240836
86.9927823295468 67.8107000259572
86.611421733299 67.4971031037115
86.1013609633685 67.1391159086912
85.4501864088342 66.5634889497537
85.2590335966672 67.1043202466993
84.7788696371671 66.9988391263742
84.4037314694071 66.7049414062695
83.7998483917826 66.3293309278838
83.2632951516798 66.0230994632647
82.7726902058018 65.6448464564193
82.4495733093799 65.7084083794419
82.0766723716249 65.5924237502621
81.6209763781371 65.323426263529
81.1768280403122 64.9930069563194
80.6863157872534 64.8504829719578
80.2124978910274 64.5149684430935
80.0286776639049 64.5176345961659
79.6703113962056 64.3735266364971
79.0484223724073 63.8904888974738
78.6906358633016 63.7800891926786
78.4197805133994 63.9180932272215
77.7804199463993 63.4106836849696
77.2948561055478 62.8526728512629
76.8324300149339 62.7794229492205
76.2275224686019 62.4828072595478
75.538052558066 62.0640549599813
74.7962265302147 61.4849815735438
73.8636007823728 60.6970705410356
72.8729059042365 59.3262486330946
71.8769179325084 58.7809189812553
70.9196926462751 58.017108587545
69.8841199405792 56.9975829762483
68.8267581180902 56.3487533930677
67.7114308472443 55.3855882438354
66.4315569224269 54.2392555483959
65.0717991443008 53.2421645640138
63.841781957417 52.4783329260754
62.514993546528 51.4680812830754
60.9885366400752 50.3485840669981
59.3181709170656 49.1677300120718
57.6126137088646 47.898419905196
55.859708723495 46.5139688698499
54.0083914389282 45.0764537439655
52.1830285347571 43.624060061934
50.159244626832 41.9067226812655
48.2904929863865 40.839381089375
46.4471041681482 39.4912359059898
44.5654275803627 37.9594712045383
42.638710599466 36.5630326139203
40.7690833796184 35.1722674115188
39.0631279329389 33.998318393415
36.3717755252557 31.9282652083855
26.2898604542011 23.4931165411706
21.2514830478136 19.7944986915464
18.2443305495292 16.4919876163008
17.084796523836 14.9845075989499
17.0358393726147 15.1275902177171
17.3923189277006 15.8790860271473
17.5619105910322 15.7867887796743
17.3526735617738 15.1767282484675
17.2492764232951 15.0218102281796
17.0788636436285 14.9240953050888
16.7947689540297 14.699914712459
16.5826326032065 14.4242923129201
16.6288992556972 14.2775628502804
16.7126924486608 14.3380927331202
16.4126970716074 14.2246354422881
15.9852286858734 13.6242586863965
15.5669067942275 13.1588210769173
15.134625882634 12.9755118334226
14.8543552781712 12.6006845019128
14.5888952907824 12.118915453534
14.4570209378374 11.8882364378364
14.3823000645292 11.914756323164
14.0886701594888 11.7603475807619
13.8292346115374 11.5191727547503
13.6504519471472 11.4123759063436
